cameraMatrixL:
[531.9696847924838, 0, 339.4296410124869;
 0, 531.8769610830331, 234.278986850226;
 0, 0, 1]

distCoeffL:
[-0.2589473100544375, -0.1006912850993475, 0.0005814664499620735, -0.001235952974981882, 0.3846926855870788]

cameraMatrixR:
[535.3529688112696, 0, 323.808166486483;
 0, 535.332564064035, 249.2395008085488;
 0, 0, 1]

distCoeffR:
[-0.2931413296838415, 0.1245842275247402, -0.0005671596431414751, -0.0009070828245992978, -0.03468634373081985]

R:
[0.9999824223639224, 0.003577638812812004, 0.004728156480783194;
 -0.00354361876565055, 0.9999679152235907, -0.007184099764707618;
 -0.00475370689309304, 0.007167218701184155, 0.9999630159395215]

T:
[-86.38549424553351;
 1.097122841182102;
 0.4571039696001829]

E:
[-0.003595598208168611, -0.4492259841767058, 1.100366145645043;
 0.04644461533471395, 0.620779082770756, 86.38446061828613;
 -0.7909862978675971, -86.38664769552467, 0.6154146404117381]

F:
[7.457622501438846e-09, 9.319010792963762e-07, -0.001434953063813008;
 -9.63343484022214e-08, -1.287830107592981e-06, -0.09498213735466034;
 0.0008998864532832928, 0.09595746878899346, 1]

